   .391195550619826 -.00262962533857666  
   .310140709227333 +.169842562835882  
   -.725705624433656 +.441901252816163  
   .139236887010717 +.482571706362417  
   -.244506857304198 +.606302490573926  
   -.394166300679963 -.40618253480102  
   -.195460311312153 +.426521133558775  
   .221045170891259 +.298644961271892  
   .791373100369826 +.124714974534362  
   .0358238135781316 +.221474855576715  
   -.334384912447236 +.494586232434783  
   -.190632463484075 -.746254645283771  
   .541692986453281 -.0487176429268528  
   .508702231062153 +.422923568325208  
   -.373239775531334 +.356714262574064  
   .120991382105726 -.281329710423973  
   -.0871485115899418 -.38966635438102  
   -.850521520214599 -.152948005321481  
   -.00630085276981091 +.282150042009451  
   .671198841245199 +.0892908379066644  
   -.553086711973826 +.394925314285433  
   .0191109299266355 -.464034128454769  
   .803961095591692 -.297047020446024  
   -.0444002784690222 +.218507070086029  
   -.0506791211786194 +.0971759426229384  
   -.194869382656834 -.632680683856737  
   -.719982397906161 -.177073107881225  
   -.451468568982266 -.495665066133941  
   1.24279311482452 -.94549935714592  
   1.73807637264512 +.0993935375461573  
   -.0190258800536973 -.761830867203324  
   -.0841217654903026 -1.05753933508618  
   .705133661395635 -.57609609228554  
   -.963521453919659 +.561217818824817  
   1.11550577313609 +.226807705314651  
   1.38330501280009 +1.21037454644922  
   1.87058018562804 +.509608139599197  
   -.574891730553788 -.859757488608166  
   .0653392573240902 -1.03853528591186  
   .351822592753946 -.423851085250936  
   -.0620378907447844 -.195312660783754  
   -.83712664842053 +.259283359927705  
   -1.06781461390875 -.229036164928182  
   -.520623904746648 +.00918113951457325  
   -.794537460930092 -.20774414097606  
   -.44776570229197 -.370324382107788  
   .289058548235123 +.442970133426141  
   .0705657610830063 +.305440222104372  
   -.610272775703022 +.242469368249389  
   -.184104113455107 +1.13667665327786  
   -.215273324842686 +.00819668317807136  
   -.773750964804341 +.456173840796289  
   .112557585592452 -.384375389117852  
   .53405402855505 +.0356840092568019  
   .0378501760807703 -.112324580898942  
   .355122032750192 -.790477385014203  
   .740797814610279 -.473153860127307  
   .40183557066894 -.256655794129863  
   .0325507410251799 -.0207904349369208  
   -.818893360442069 -.360700022035274  
   .408562541973078 +.179960572415585  
   -.0294753719684744 -.0129830913670947  
   -.24042214358914 +.662269441375876  
   -.242157706506128 +.667050241789462  
   .0115012670036277 -.0316815146886969  
   .0782369520340408 +.702905202276534  
   -.0782061727787239 -.702628671837631  
   .00308274229312461 +.0276963191788501  
   -.683911655771288 -.284992699571981  
   -.619927210894946 -.258329753382888  
   .0384252144836404 +.016012164019891  
   -.669910696746534 -.713304969711744  
   .140991070717184 +.150123937288911  
   -.00971308443664972 -.0103422611902456  
   .987996090665819 -.125910352581527  
   -.0887822715493937 +.0113144244389061  
   -.00278327604623313 +.000354701067771194  
   -.0635022679417633 +.146324158539196  
   .393012257180095 -.905592661355124  
   .00672373336178291 -.0154930628195369  
   .584867857432292 -.0842506206998607  
   -.798499105270598 +.115024350188571  
   -.0288216795727767 +.0041517829416708  
   -.812661086778776 -.519053542817099  
   .0725495225941866 -.651807560600581  
   .593155707330965 -.261268789124299  
   .518470584856183 -.216051781512905  
   .369538361419783 +1.01793437380986  
   -.117696603991601 +.125320543399486  
   -.213511439541388 -.136371571038573  
   -.772877733257719 -.0984956406369085  
   -.230569686370434 +.101559610777141  
   .448208188550172 +1.03277706711399  
   -.0084968187083119 -.0234054288653302  
   .993332996868229 +.143090307467426  
   .195344682515825 +.0767537384987489  
   -.504532714063672 -.198238168045194  
   .331566583413005 +.13027728479962  
   -.448705731726784 -.176302942840829  
   .256585403326143 +.100816099500919  
   -.117710445308559 -.0462501288564765  
   -.427301678426688 -.167892982105523  
   -.0281630676974517 -.0120881027459205  
   .0818120270798727 +.0351152154238871  
   .467105105542854 +.200490037861074  
   .427975163246536 +.183694752347392  
   -.659996573831657 -.283282577102014  
   .0913417896358073 -.42479247973459  
   .110329689103195 -.513097262593154  
   .0889796804451942 -.413807297328102  
   -.106561340161159 +.495572246957103  
   .0663667102234161 -.308643825789244 
