5   30 27    1650 1035   4770    
78  86 88    2200 3685    620    
52  72 99    1600 3385   3920    
99  38 84    2450 1485   3479    
11  90 7     5000 2585   2170    
39  99 40    250   485   2920    
92  67 0     2700 5085    370    
97  60 91    3350   35   1770    
84  25 98    1550 1185    220    
93  58 16    2550 2185   1370    
42  16 87    1350 4535   1220    
96  2  37    1300 3735   1470    
46  14 77    1050 2785   2720    
56  57 34    4250 4635   5020    
12  68 38    4850 3335    920    
1   33 75    4550  385   1670    
23  19 15    550  1635    320    
45  29 60    1900 1235   1870    
44  94 32    400  3135   1170    
69  26 44     0  4035    3020  
7   17 48    1150  935   1620    
35  70 28    2150 3935   2520    
49  85 67    2900 2435   2370    
87  78 54    4000  535   1920    
95  89 20    2100 2135   4570    
26  50 56    2850 4785   4520    
79  80 26    800  2735      4    
32  34 17    1250 1335   2420    
31  0  68    750  3185    270    
29  22 71    1500 3535   4420    
6   73 45    3800 2385   3520    
54  10 47    500   185     70    
94  88 93    3200  735   3120    
27  66 85    700  1585   2120    
61  40 64    3000 2835   2020    
19  27 22    3850 1885    670    
74  75 73    4200  285   3720    
16  53 59    650  2685   4720    
90  20 8     150  985    3170   
25  49 26    4050 1385   1320    
63  4  90    3550 5035   2770    
81  51 63    1700 2885   1420    
51  48 21    4400 1735   4820    
68  35 55    2250 1935   4920    
85  44 97    2800 4985   2570    
33  15 50    3750 2035   2270    
21  82 3     900   635   2220    
60  59 40    4800 2485   2670    
62  42 30    200  2985   4870    
73  64 10    3300 4787   1720    
70  69 65    2500 1435   3770    
64  5  94    100 1135     820 
76  12 66    3150 4885   2970    
58  87 6     950  1835   3470    
48  7  2     3900 2935   3070    
50  9  24    4750 738   2320     
98  71 29    4600 3085    720    
72  1  78    2300 1285   3420    
37  39 42    3400 3835   4070    
34  96 98    4950 4235    420    
75  6  86    3700 2535   1570    
22  13 11    1800  235   3570    
80  83 5     450  3885     20    
20  65 58    3600   85   1070    
47  11 61    4350 1685   1520    
15  21 74    1200  335    120    
71  56 82    3450 1435   4620    
8   45 72    4450  585    970    
89  24 81    3650 3035    570    
4   92 95    2750 4385   3320    
41  18 13    3100 3235   5070    
13  52 80    2050 4585   1120    
59  54 31    350  2085   4220    
14  76 12    5050 4685   2820    
86  93 36    2950 3585    770    
55  32 53    2400 1085   3220    
0   36 14    1750 4335   3870    
30  75 19    1850 3485   4670    
66  98 9     5100 2285   4270    
40  8  35    1100  685   4320    
17  46 89    1450 4285    470    
57  3  18    3050  435   4020    
36  37 33    600  1535   1970           
28  63 51    4650 3985   3370    
65  95 4     4900 4085    170    
43  80 69    4700 1938   3820    
67  97 83    3500  135   4470    
2   77 52    1000  785   4370    
83  62 49    4500   19   3620    
77  47 46    300  2235   3970    
9   31 79    4300 4485   1270    
91  41 23    1950 1785   2070    
82  81 1      50 1985    3670  
18  43 45    2650 2335   1020    
24  23 62    3950 3635   3270    
3   55 57    2350 4835   4970    
53  61 92    4100 3785   1820    
88  84 41    2000 4435    520    
10  28 76    1400 4135   2127    
38  91 70    3250  835   2870
